6
628
6
461
6
55
6
889
6
504
6
356
6
570
6
871
6
988
6
226
6
21
6
731
6
956
6
357
6
587
6
4
6
939
6
444
6
41
6
859
6
127
6
289
6
368
6
309
6
14
6
230
6
232
6
810
6
25
6
470
6
762
6
661
6
823
6
856
6
563
6
23
6
764
6
944
6
328
6
980
6
768
6
399
6
967
6
99
6
481
6
655
6
36
6
253
6
629
6
177
6
138
6
873
6
604
6
938
6
333
6
336
6
801
6
221
6
503
6
603
6
942
6
197
6
288
6
475
6
887
6
401
6
835
6
879
6
977
6
519
6
444
6
774
6
312
6
585
6
700
6
150
6
140
6
835
6
631
6
40
6
194
6
557
6
536
6
205
6
652
6
520
6
843
6
203
6
158
6
915
6
378
6
449
6
67
6
619
6
355
6
873
6
647
6
245
6
195
7